0,0.086371112,0.089240414,0.548644528,0.413731433,0.423187071,0.315044207,0.387428702
0.086371112,0,0.01229209,0.530902916,0.39262562,0.40408705,0.294571913,0.369061693
0.089240414,0.01229209,0,0.527947187,0.387730369,0.399675894,0.292103829,0.364930816
0.548644528,0.530902916,0.527947187,0,0.187395687,0.162156853,0.256665219,0.200866146
0.413731433,0.39262562,0.387730369,0.187395687,0,0.054285171,0.145460956,0.080866143
0.423187071,0.40408705,0.399675894,0.162156853,0.054285171,0,0.147991197,0.095880935
0.315044207,0.294571913,0.292103829,0.256665219,0.145460956,0.147991197,0,0.125700914
0.387428702,0.369061693,0.364930816,0.200866146,0.080866143,0.095880935,0.125700914,0
